M = [1 -12 41 -42 0;0 1 -12 41 -42;1 -2 -35 0 0 ;0 1 -2 -35 0;0 0 1 -2 -35];
M1 = [-12 41 -42 0;1 -12 41 -42;-2 -35 0 0;1 -2 -35 0];
M2 = [1 41 -42 0;0 -12 41 -42;1 -35 0 0 ;0 -2 -35 0];